Run semi-empirical minimization
 &qmmm
    qm_theory='AM1', grms_tol=0.0005,
 scfconv=1.d-10, ndiis_attempts=700,   qmcharge=0,
 /
   6    C1       -2.9560        3.3150       -0.5020 
  14   Si1       -1.4650        2.3700        0.1020 
   6    C2        0.0350        3.4720       -0.0800 
   6    C3       -1.7330        1.9610        1.9110 
   8    O1       -1.3010        0.9540       -0.8710 
  15    P1       -0.0250        0.0080       -0.1630 
   8    O2        1.1880        0.6050       -1.2570 
  14   Si2        2.7130        0.0970       -0.6290 
   6    C4        2.9610        0.6310        1.1500 
   6    C5        2.8970       -1.7590       -0.7630 
   6    C6        4.0530        0.8890       -1.6590 
   8    O3       -0.3710       -1.4000       -1.1230 
  14   Si3       -1.3490       -2.4340       -0.1480 
   6    C7       -3.0380       -1.6800        0.1270 
   6    C8       -0.5500       -2.8160        1.5030 
   6    C9       -1.5760       -4.0450       -1.0640 
   1    H1       -3.8610        2.6810       -0.3990 
   1    H2       -3.0790        4.2370        0.1020 
   1    H3       -2.8140        3.5870       -1.5680 
   1    H4        0.2200        3.6690       -1.1560 
   1    H5       -0.1480        4.4320        0.4460 
   1    H6        0.9210        2.9770        0.3630 
   1    H7       -1.8950        2.9010        2.4760 
   1    H8       -0.8440        1.4400        2.3210 
   1    H9       -2.6260        1.3120        2.0170 
   1   H10        2.8560        1.7320        1.2270 
   1   H11        2.2120        0.1390        1.8040 
   1   H12        3.9780        0.3380        1.4800 
   1   H13        2.1790       -2.2560       -0.0830 
   1   H14        3.9300       -2.0470       -0.4780 
   1   H15        2.7000       -2.0750       -1.8070 
   1   H16        5.0470        0.5710       -1.2820 
   1   H17        3.9410        0.5740       -2.7170 
   1   H18        3.9670        1.9930       -1.5900 
   1   H19       -3.6900       -2.4150        0.6410 
   1   H20       -3.4850       -1.4080       -0.8510 
   1   H21       -2.9450       -0.7730        0.7560 
   1   H22        0.4490       -3.2680        1.3380 
   1   H23       -1.1880       -3.5330        2.0590 
   1   H24       -0.4440       -1.8870        2.1000 
   1   H25       -0.5860       -4.5140       -1.2350 
   1   H26       -2.0670       -3.8490       -2.0390 
   1   H27       -2.2100       -4.7270       -0.4610 
